106,0
89,0
4,0
103,0
77,0
33,1
88,1
109,0
1,0
108,1
56,1
21,0
78,1
32,1
101,0
92,1
95,0
70,1
36,0
98,0
95,0
107,1
97,0
85,1
83,1
24,0
108,1
112,0
90,1
107,0
103,0
64,0
62,1
80,0
65,1
48,1
6,0
53,0
74,0
4,0
85,1
110,0
46,1
61,0
111,1
32,0
115,1
86,0
52,1
46,1
117,0
80,1
93,1
16,0
5,0
92,1
26,0
51,0
11,0
57,0
22,0
12,0
86,1
21,1
30,0
36,0
112,0
43,1
76,1
92,1
108,1
43,0
96,1
55,0
107,1
43,1
72,1
98,0
87,1
115,1
38,0
22,0
72,1
108,1
41,0
80,1
72,1
62,0
78,1
49,0
75,0
59,1
25,0
20,0
40,1
22,0
99,0
94,1
16,1
51,0
