59,59,5,93,47,0
81,27,87,79,77,0
21,82,60,81,40,0
56,42,91,48,36,0
18,49,53,73,36,0
7,76,23,90,4,0
49,44,56,39,58,1
21,16,40,94,61,1
3,98,75,70,25,0
82,52,28,86,27,1
58,37,9,48,11,1
41,39,6,5,30,1
87,18,97,13,62,1
9,99,54,8,77,0
97,34,30,3,63,0
63,36,81,33,87,0
64,10,53,98,7,1
57,33,85,69,97,0
12,30,4,56,66,0
5,57,5,94,43,0
77,27,36,62,33,1
48,84,54,60,71,0
13,57,98,36,74,1
27,46,40,45,30,0
14,61,84,13,48,1
7,82,43,41,34,0
96,33,89,86,88,0
73,46,17,4,47,1
41,25,90,90,95,0
67,44,9,5,22,0
58,14,8,97,89,1
1,17,90,26,73,1
55,33,67,6,78,1
83,68,22,23,13,0
3,90,60,34,61,1
96,18,91,80,87,0
41,56,44,8,62,1
7,62,70,29,19,0
95,20,71,39,89,1
30,95,17,58,97,0
7,55,54,80,69,0
50,78,48,59,23,1
37,68,60,26,73,1
8,80,56,22,88,1
61,19,24,52,18,1
8,54,34,96,74,1
23,93,88,4,16,0
43,20,20,19,84,1
47,96,5,4,55,0
20,81,51,32,87,0
51,64,27,5,58,1
66,5,99,1,38,0
53,92,91,86,38,1
67,30,28,80,13,1
49,36,63,53,94,1
72,78,74,84,43,1
15,46,99,79,15,0
22,43,0,85,61,1
8,24,26,97,22,0
40,30,87,62,50,1
74,44,12,5,31,0
31,27,16,39,76,0
43,100,16,78,4,0
87,22,56,90,72,1
86,73,7,38,54,0
24,8,51,58,86,1
17,1,9,91,8,1
67,98,58,32,15,0
68,68,87,17,7,1
94,67,74,1,34,1
36,81,1,38,34,1
86,41,95,60,6,1
35,77,67,76,4,0
34,68,46,95,35,0
69,39,71,17,51,0
49,70,43,12,55,0
60,88,36,30,28,0
20,19,89,6,22,1
28,2,86,94,17,1
87,27,51,74,13,0
70,71,87,23,30,0
5,30,52,37,98,0
13,40,23,18,74,1
46,74,56,70,53,0
11,21,32,24,68,1
72,80,42,56,92,1
22,53,36,21,68,1
23,26,92,22,31,0
8,85,82,85,15,0
20,23,11,37,95,1
68,30,75,5,43,1
22,85,52,68,17,1
27,8,38,33,46,0
89,97,93,98,91,0
6,30,38,35,7,1
84,81,99,9,64,0
88,11,69,48,39,0
12,84,51,14,92,1
65,6,81,89,47,1
47,91,16,29,11,1
65,4,67,85,21,0
1,78,31,23,98,0
2,23,75,15,32,0
89,67,62,46,91,1
78,64,92,80,73,0
8,82,41,93,92,1
74,64,4,76,89,1
83,10,6,75,74,0
41,41,46,21,10,0
44,11,85,97,44,1
73,77,2,4,57,0
55,55,51,2,41,1
23,85,93,1,41,1
23,35,96,81,46,0
59,21,5,17,18,1
25,57,84,55,61,1
30,56,85,19,60,1
67,2,40,5,1,1
82,17,30,7,93,0
4,2,8,18,39,0
54,53,75,27,36,1
25,5,92,67,3,1
76,36,33,24,65,1
75,10,13,60,93,0
89,20,55,80,61,1
2,68,58,78,13,1
58,27,46,40,74,0
11,43,44,9,87,1
42,35,71,12,82,0
53,56,87,56,67,0
71,16,72,1,61,0
35,49,43,2,80,0
12,42,88,37,100,0
40,25,80,75,58,1
3,70,63,58,41,0
37,41,87,65,89,0
12,38,32,9,77,0
14,94,58,45,70,0
30,80,43,34,80,0
37,25,23,40,59,1
4,57,91,75,0,0
63,57,82,82,48,0
74,63,32,37,42,0
83,41,43,70,68,0
41,93,30,32,72,1
11,56,37,47,24,0
58,14,67,31,53,0
55,2,86,42,42,0
15,33,55,71,57,0
80,93,33,77,34,0
2,21,42,51,15,0
58,76,68,63,64,0
54,97,48,59,66,0
59,43,85,2,25,1
22,12,16,30,32,1
40,46,79,77,29,0
45,49,35,46,22,1
78,56,9,59,25,1
69,82,96,17,94,1
33,48,14,54,37,0
72,45,43,97,7,0
36,25,85,29,17,1
26,95,1,85,56,1
50,90,5,82,83,1
99,36,8,81,98,1
76,10,43,90,94,0
44,26,59,6,1,1
3,40,3,30,81,0
40,53,54,13,34,1
14,76,36,11,79,0
70,76,19,12,64,1
16,84,62,23,0,0
30,35,84,45,66,0
66,5,32,80,29,1
20,62,68,44,67,1
69,100,83,94,26,1
71,31,98,49,33,0
1,7,12,71,14,1
25,76,20,16,37,0
69,6,35,71,78,0
3,76,24,2,86,0
89,77,65,7,49,0
48,74,58,69,76,0
44,61,49,26,9,1
88,48,70,58,57,0
39,56,25,60,61,0
67,64,53,88,32,1
12,90,60,92,84,0
77,66,70,52,28,0
43,42,55,46,93,1
34,57,64,33,64,0
59,77,90,38,14,1
100,58,79,89,54,0
90,11,48,51,59,0
72,40,96,49,50,0
53,9,35,1,6,0
26,44,52,30,30,1
6,55,76,44,34,1
84,97,5,40,64,1
14,40,77,89,29,0
33,58,79,71,67,1
36,54,54,24,49,0
2,0,61,66,88,0
9,57,29,93,66,1
21,92,54,17,22,0
60,71,42,72,73,1
80,1,30,13,60,0
24,97,8,97,70,1
52,17,74,59,94,0
89,43,40,12,17,1
34,82,93,65,51,0
23,95,29,68,54,0
83,53,69,73,83,0
86,93,62,23,87,0
36,95,52,36,79,1
51,25,20,14,43,1
96,13,59,52,99,0
80,24,2,13,67,0
68,37,56,15,12,1
27,27,2,83,59,0
38,24,85,89,90,1
23,38,92,99,27,1
84,8,71,67,29,1
59,66,69,46,5,1
88,55,6,73,4,1
33,96,5,86,97,0
43,93,45,53,94,0
34,79,12,87,63,1
18,67,29,55,88,1
45,22,18,35,100,0
34,93,67,43,94,1
17,61,66,47,26,0
78,11,32,52,36,1
57,73,9,32,50,0
43,5,25,21,100,0
69,25,61,96,26,0
59,31,94,57,81,0
93,55,17,82,99,1
9,53,55,86,41,1
92,51,26,21,28,0
4,16,11,58,93,0
92,6,86,90,48,1
47,53,56,11,88,0
94,35,33,36,66,0
52,24,18,89,1,0
32,25,41,2,77,1
7,12,66,95,75,1
89,13,40,23,25,0
76,44,93,76,63,0
92,20,36,64,38,0
77,49,27,4,79,0
56,80,40,60,81,1
46,58,12,41,13,1
4,46,69,56,21,1
73,43,98,86,1,1
29,100,93,2,75,0
99,67,62,50,4,1
70,63,3,92,53,0
89,82,2,95,48,0
27,49,66,9,60,0
9,14,2,23,64,1
72,81,59,74,20,0
44,62,49,51,95,0
40,79,44,19,81,0
48,2,66,46,66,1
80,24,94,59,40,1
16,36,91,88,7,0
47,24,34,35,59,0
93,63,98,20,29,1
97,41,36,23,75,0
68,22,81,41,17,1
74,13,26,2,27,1
17,45,27,14,13,1
73,26,74,43,84,0
20,40,72,69,0,0
22,73,2,72,33,0
47,8,91,2,56,1
13,35,25,58,46,0
74,69,13,11,22,1
36,81,28,31,90,1
20,84,19,99,88,0
8,81,94,23,30,1
58,94,12,53,69,0
23,33,33,80,90,1
86,79,42,29,12,1
27,4,34,14,89,0
90,58,26,10,91,0
50,91,71,67,78,1
95,3,22,52,7,1
43,82,56,79,72,1
94,63,40,39,63,0
88,76,42,43,79,0
88,73,23,74,53,0
38,69,3,76,78,1
25,64,45,66,68,1
61,18,13,57,72,0
30,5,8,51,24,1
69,59,43,30,58,1
63,48,26,65,92,0
37,67,17,28,91,0
40,46,98,22,33,0
92,50,90,43,26,0
57,62,5,33,45,1
85,53,57,19,63,1
60,1,11,10,95,1
97,64,4,88,13,0
94,95,33,88,75,1
6,22,94,32,58,1
18,18,58,47,67,0
68,82,8,91,99,0
24,21,99,69,87,1
37,41,16,16,40,0
22,20,99,93,71,0
82,63,18,68,46,0
92,38,73,22,35,1
35,18,94,38,70,0
77,93,85,57,56,0
27,14,92,97,60,0
59,20,12,95,69,0
46,77,51,43,31,0
63,32,78,93,15,1
42,44,94,98,97,1
1,73,57,98,2,1
21,80,3,42,4,0
99,73,32,20,70,0
31,74,34,95,71,0
75,57,70,71,78,1
99,98,13,85,79,0
10,91,31,48,59,0
49,16,77,20,19,0
31,33,37,4,10,0
26,68,70,81,28,0
35,59,65,25,69,0
60,78,100,34,12,0
77,95,94,76,80,0
28,83,41,30,43,0
98,1,2,75,2,0
38,70,96,32,91,0
70,46,35,68,51,1
97,7,85,56,5,1
77,70,40,36,100,1
15,70,27,0,100,1
54,72,58,21,89,1
6,81,54,98,98,1
62,97,48,95,33,1
62,44,88,8,94,0
14,25,47,33,6,1
8,55,67,31,29,0
93,76,67,26,59,0
8,75,54,47,38,1
22,45,100,49,23,1
33,27,37,75,71,1
53,90,48,29,75,0
42,23,95,74,76,0
23,65,71,60,95,1
41,12,92,23,19,0
43,54,13,38,59,0
11,9,55,48,31,0
94,19,77,23,3,0
51,66,7,87,86,1
25,44,78,66,19,1
31,67,32,37,8,1
68,1,49,90,76,0
23,66,56,81,57,1
13,9,59,12,8,1
26,96,91,54,45,0
44,4,53,4,73,1
98,95,8,23,81,1
43,7,44,47,65,0
79,25,34,47,49,0
51,78,80,84,0,1
46,11,2,91,3,0
74,70,60,66,48,1
97,23,51,35,96,0
35,57,78,45,36,1
48,13,54,92,72,0
35,49,73,71,29,0
7,47,84,62,60,0
78,64,81,42,89,1
17,94,25,4,8,0
5,4,6,14,79,0
78,58,43,27,73,0
39,12,97,60,7,0
47,33,11,73,68,0
77,99,80,56,40,0
1,55,74,31,1,1
60,7,34,6,55,1
62,59,56,28,22,1
8,66,2,48,32,0
67,7,99,51,83,1
89,63,45,29,16,0
69,11,39,18,53,1
96,47,95,97,65,1
25,21,94,40,99,0
75,43,60,8,44,0
52,62,96,12,97,1
48,32,54,23,48,0
32,81,61,41,34,0
12,28,85,16,62,0
92,12,33,5,27,0
8,36,19,73,35,0
19,17,30,43,89,0
60,26,72,60,71,0
56,80,39,75,54,1
76,56,77,27,40,1
57,2,16,48,56,1
39,45,7,25,3,0
48,74,81,100,12,1
99,90,98,99,10,0
3,36,78,8,22,0
52,53,45,65,26,1
7,51,89,64,9,0
49,44,78,11,21,0
84,67,51,78,38,0
41,91,100,50,34,1
76,60,83,27,86,1
4,50,84,29,56,1
66,51,11,52,44,0
0,18,39,24,11,0
24,65,4,63,10,1
76,100,79,6,10,0
70,31,81,25,13,1
100,17,90,39,49,0
76,48,13,11,3,0
47,70,53,70,26,0
36,14,26,38,61,1
93,72,40,75,55,0
9,99,92,69,93,1
8,87,11,15,79,0
95,11,81,83,9,0
94,30,14,31,9,0
74,15,27,43,83,1
97,22,31,90,35,1
21,87,59,49,40,0
31,24,60,97,49,1
97,57,9,89,95,1
44,37,20,34,66,1
83,1,51,11,23,0
59,34,48,71,55,0
61,1,17,88,79,0
1,59,87,77,29,0
50,83,85,51,58,1
45,74,63,41,80,1
1,31,65,30,30,1
30,58,28,81,63,0
30,45,92,49,8,1
32,15,80,46,60,0
44,88,6,10,26,1
77,78,52,65,68,0
75,32,39,91,91,1
58,48,89,47,12,0
53,75,64,19,63,0
71,85,13,78,48,1
82,30,70,53,19,1
32,49,90,20,83,1
33,100,26,3,18,0
90,50,86,64,41,1
8,14,51,25,52,0
89,59,33,81,65,0
75,67,51,80,35,0
1,16,63,28,62,1
52,53,50,82,38,0
41,70,41,27,93,1
28,42,60,99,11,1
67,75,61,74,49,1
92,46,81,66,70,0
89,59,45,12,22,0
6,78,32,20,20,0
26,10,64,53,14,1
56,16,99,88,6,0
89,27,57,36,95,1
9,37,2,28,95,0
56,9,14,50,54,1
27,86,89,45,80,1
4,97,54,80,63,1
69,95,71,85,83,1
42,55,8,86,87,1
31,78,93,25,2,0
57,51,57,42,35,1
59,84,40,64,41,1
33,37,40,24,8,1
26,96,42,94,96,1
40,16,24,16,74,1
35,26,48,90,51,0
5,21,46,66,46,0
2,90,0,27,16,1
86,35,50,81,45,1
12,88,78,47,36,1
2,8,34,17,70,1
96,94,23,55,17,1
17,22,41,89,60,0
15,37,58,79,88,0
1,49,95,43,86,1
55,15,59,30,57,1
74,16,41,98,44,0
47,56,34,53,28,0
88,79,80,44,72,0
17,93,99,93,13,0
73,63,84,48,31,1
63,55,68,82,78,0
